15 second failsafe.
5 second countdown timer.
Press any key to begin test...

Input received. Flip switch now! Test beginning in 5 seconds...

Battery hot!

1,856,16
1,857,15
2,858,15
2,858,16
3,857,16
3,857,16
7,857,15
16,859,16
26,858,15
36,858,15
46,859,15
57,858,15
67,859,16
78,858,16
88,860,15
99,859,16
109,859,15
120,858,15
131,860,16
144,860,15
155,860,15
166,860,16
178,859,16
189,859,15
200,859,15
212,860,17
224,860,15
235,860,16
246,861,15
257,859,16
269,860,15
281,860,15
292,861,15
303,861,16
315,861,16
326,861,15
337,860,16
350,860,15
361,861,15
372,862,15
383,861,15
395,861,16
407,861,15
418,861,16
429,860,15
441,862,16
452,862,15
463,862,15
476,861,15
487,861,15
498,861,16
509,861,15
521,862,16
532,863,15
544,863,15
555,863,15
567,861,15
578,861,16
589,861,15
600,863,15
613,863,16
624,863,15
635,862,16
647,862,15
658,862,16
669,863,15
681,863,15
693,863,16
704,862,16
715,862,15
726,863,16
739,862,15
750,864,15
761,864,16
772,863,15
784,862,15
795,862,15
807,862,16
819,862,15
830,864,15
841,864,16
852,864,15
864,862,15
876,862,15
887,863,16
898,863,15
910,864,15
921,864,15
932,864,15
945,864,16
956,863,16
967,863,16
978,864,15
990,864,15
1001,864,15
1014,864,15
1026,863,16
1039,863,15
1051,863,15
1063,863,16
1077,864,15
1089,864,16
1101,864,16
1113,864,16
1126,863,15
1139,863,15
1151,863,15
1164,864,15
1176,864,16
1188,864,15
1201,865,15
1214,865,16
1226,864,15
1238,863,15
1251,864,16
1263,863,16
1276,864,15
1289,864,16
1301,864,15
1313,865,15
1325,865,15
1339,864,15
1351,865,15
1363,863,16
1376,863,15
1388,864,15
1400,864,15
1413,865,16
1426,865,16
1438,865,15
1450,865,15
1463,864,15
1476,863,16
1488,864,15
1501,864,15
1513,865,15
1525,865,15
1538,865,15
1551,865,15
1563,864,15
1575,864,16
1588,864,15
1600,864,15
1613,864,16
1625,865,15
1638,865,15
1650,865,15
1662,865,16
1676,865,15
1688,865,15
1700,864,15
1713,864,15
1725,864,15
1738,864,15
1750,865,16
1763,865,15
1775,865,16
1787,865,15
1800,864,16
1813,864,15
1825,864,15
1837,864,15
1850,866,15
1862,865,15
1875,865,15
1888,865,16
1900,866,15
1912,865,15
1924,865,16
1938,864,15
1950,865,15
1962,864,15
1975,865,16
1987,865,15
1999,866,16
2013,865,15
2025,866,15
2037,865,16
2049,864,15
2062,864,15
2075,865,15
2087,865,15
2100,866,15
2112,866,15
2124,866,15
2137,865,16
2150,865,15
2162,864,15
2174,865,15
2187,866,16
2199,866,15
2212,866,15
2225,866,16
2237,865,15
2249,865,15
2261,864,15
2275,865,15
2287,865,15
2299,865,15
2312,864,15
2324,866,16
2337,866,15
2349,866,16
2362,866,15
2374,865,15
2386,865,16
2399,865,15
2412,865,15
2424,866,16
2436,866,15
2449,866,15
2461,866,15
2474,865,15
2487,865,15
2499,865,15
2511,865,16
2524,866,15
2537,866,15
2549,866,15
2561,866,15
2574,865,15
2586,865,15
2598,865,15
2612,865,15
2624,865,16
2636,866,15
2648,866,15
2661,866,16
2674,866,15
2686,865,15
2699,865,15
2711,865,16
2723,865,15
2737,866,15
2749,866,15
2761,866,16
2773,866,15
2786,865,15
2798,865,15
2811,865,15
2824,865,15
2836,865,15
2848,865,16
2860,866,15
2874,866,15
2886,866,15
2898,866,15
2911,865,15
2923,865,15
2936,865,15
2948,865,15
2961,865,15
2973,866,15
2985,867,15
2998,866,15
3011,866,16
3023,867,15
3036,867,15
3048,865,16
3060,865,15
3073,865,16
3086,865,15
3098,866,15
3110,866,15
3123,867,16
3136,866,16
3148,865,15
3160,865,15
3173,865,15
3185,865,16
3197,867,15
3211,866,15
3223,866,16
3235,867,15
3247,865,15
3260,865,16
3273,865,15
3285,865,15
3298,865,15
3310,867,15
3322,867,15
3336,867,15
3348,866,15
3360,867,15
3372,867,15
3385,865,16
3397,865,16
3410,866,15
3423,865,15
3435,867,15
3447,866,15
3459,867,15
3473,867,16
3485,866,16
3497,865,15
3510,865,16
3522,865,16
3535,866,15
3548,866,15
3560,867,15
3572,867,15
3584,865,16
3597,865,15
3610,865,15
3622,865,15
3635,865,15
3647,867,14
3659,866,16
3672,866,15
3685,867,16
3697,867,15
3709,867,15
3722,866,16
3735,866,15
3747,865,15
3759,865,15
3772,867,15
3784,866,15
3796,867,15
3810,867,16
3822,865,16
3834,866,16
3847,865,15
3859,865,15
3872,867,15
3884,867,16
3897,867,15
3909,867,16
3921,866,16
3935,866,15
3947,865,16
3959,865,15
3971,866,15
3984,867,15
3996,867,15
4009,867,15
4022,867,15
4034,867,16
4046,867,15
4058,866,15
4072,865,15
4084,866,15
4096,865,15
4109,867,16
4121,867,15
4134,867,15
4147,867,15
4159,866,15
4171,866,15
4183,866,15
4196,865,16
4209,867,15
4221,867,16
4234,867,15
4246,866,16
4258,866,15
4271,866,15
4284,866,15
4296,866,15
4308,866,16
4321,866,15
4334,867,15
4346,866,15
4359,867,16
4371,867,16
4383,867,16
4395,865,16
4409,866,15
4421,865,15
4433,866,15
4446,867,15
4458,867,15
4471,867,16
4483,867,16
4496,866,15
4508,866,15
4520,866,15
4534,866,15
4546,867,15
4558,867,16
4570,867,15
4583,867,15
4595,867,15
4608,867,16
4621,866,15
4633,866,16
4645,866,15
4658,866,15
4671,865,15
4683,867,15
4695,866,15
4708,867,16
4720,867,16
4733,866,15
4746,866,15
4758,866,15
4770,866,15
4782,866,16
4795,866,15
4808,867,15
4820,867,15
4833,866,15
4845,866,16
4857,865,15
4871,866,15
4883,867,16
4895,867,15
4907,867,15
4920,867,16
4933,866,15
4945,866,15
4958,866,16
4970,866,15
4982,866,16
4994,865,15

Failsafe!

Battery cold! Flip switch.